DE	Subtype0
1	0	0	0.99	0	G
2	0.19	0.32	0.36	0.13	N
3	0.16	0.27	0.18	0.39	N
4	0.02	0.32	0.39	0.26	N
5	0.55	0.12	0.23	0.1	N
6	0.32	0.08	0.08	0.52	W
7	0.25	0.02	0.02	0.71	T
8	0.13	0.03	0	0.83	T
9	0.06	0.07	0	0.87	T
10	0.1	0.1	0.05	0.75	T
11	0.05	0.17	0.01	0.77	T
12	0.23	0.43	0.33	0	N
13	0.37	0.21	0.26	0.16	N
14	0.1	0.4	0.29	0.21	N
15	0	0.99	0	0.01	C
XX
DE	Subtype1
1	0.39	0.2	0.08	0.33	N
2	0.08	0.39	0.16	0.36	N
3	0.12	0.31	0.02	0.56	Y
4	0.1	0	0.9	0	G
5	0.08	0.12	0.64	0.16	G
6	0.08	0.08	0.05	0.78	T
7	0	0.72	0	0.28	C
8	0.88	0	0.12	0	A
9	0.31	0.16	0.15	0.38	N
10	0.08	0.13	0.05	0.74	T
11	0.26	0	0	0.74	T
12	0.08	0	0	0.92	T
13	0	0.25	0.05	0.7	T
14	0.05	0.23	0.39	0.33	N
15	0.26	0.29	0.38	0.07	N
XX
DE	Subtype2
1	0.15	0.5	0.18	0.18	N
2	0.26	0.44	0.21	0.09	N
3	0.38	0	0.47	0.15	R
4	0.03	0.21	0.35	0.41	N
5	0.03	0.15	0.09	0.73	T
6	0	0	1	0	G
7	0.44	0.26	0.06	0.24	N
8	0.24	0.12	0.44	0.21	N
9	0.03	0.35	0.21	0.41	N
10	0.35	0.12	0.32	0.21	N
11	0.38	0.21	0.21	0.21	N
12	0.53	0	0.09	0.38	W
13	0.41	0.06	0.24	0.29	N
14	0.26	0	0.12	0.62	T
15	0.18	0	0.06	0.76	T
16	0	0.15	0.18	0.67	T
17	0.24	0.76	0	0	C
18	0.47	0	0.47	0.06	R
19	0	0.76	0.03	0.21	C
20	0.03	0.94	0	0.03	C
21	0.62	0.06	0.26	0.06	A
XX
DE	Subtype3
1	0.03	0.16	0	0.81	T
2	0.09	0.41	0.25	0.25	N
3	0.09	0.06	0.53	0.31	K
4	0.16	0.31	0.47	0.06	N
5	0.09	0.31	0.06	0.53	Y
6	0	0.09	0.84	0.06	G
7	0.25	0.19	0.19	0.37	N
8	0.25	0.03	0.25	0.47	N
9	0.41	0.28	0.25	0.06	N
10	0.37	0.13	0.22	0.28	N
11	0.03	0.22	0.03	0.72	T
12	0	0	0.03	0.97	T
13	0.16	0.06	0.13	0.65	T
14	0.13	0.34	0.25	0.28	N
15	0	0.31	0.19	0.5	Y
16	0.16	0.34	0	0.5	Y
17	0.25	0.41	0.22	0.13	N
18	0.31	0.28	0.19	0.22	N
19	0.44	0.22	0.31	0.03	N
20	0.06	0.78	0	0.16	C
XX
DE	Subtype4
1	0.02	0.23	0.02	0.73	T
2	0	0	0.99	0	G
3	0.28	0.28	0.34	0.09	N
4	0.1	0.42	0.12	0.36	N
5	0.1	0.12	0.51	0.27	N
6	0.29	0.23	0.19	0.29	N
7	0.32	0.21	0.17	0.3	N
8	0.32	0.08	0.24	0.35	N
9	0.28	0.1	0.14	0.48	N
10	0.3	0.1	0.12	0.48	N
11	0.22	0.09	0.13	0.56	N
12	0	0.16	0	0.84	T
13	0.35	0.02	0.62	0	G
14	0.37	0.22	0.06	0.35	N
15	0.25	0.32	0.16	0.27	N
16	0.06	0.92	0.01	0	C
17	0.62	0.03	0.28	0.06	A
XX
