DE	Subtype0
1	0	0.26	0.6	0.14	G
2	0	0.11	0.88	0.02	G
3	0.2	0.14	0.39	0.27	N
4	0.03	0.23	0.59	0.15	S
5	0.05	0	0.86	0.09	G
6	0.05	0.79	0	0.17	C
7	0.14	0	0.86	0	G
8	0.18	0.53	0.15	0.14	N
9	0.98	0	0	0.02	A
10	0	0.03	0.08	0.89	T
11	0.35	0.05	0.03	0.57	W
12	0.62	0.08	0.02	0.29	A
13	0.09	0	0	0.91	T
14	0.95	0.03	0.02	0	A
15	0.18	0.53	0.26	0.03	N
XX
DE	Subtype1
1	0.61	0.17	0.1	0.12	A
2	0.6	0.12	0.15	0.12	A
3	0.58	0.02	0.17	0.23	W
4	0.48	0.08	0.24	0.2	N
5	0.17	0.09	0.51	0.23	N
6	0.02	0.34	0.52	0.11	S
7	0.07	0.4	0.39	0.15	N
8	0.07	0.27	0.57	0.09	S
9	0.12	0.43	0.44	0.01	S
10	0.24	0.25	0.35	0.15	N
11	0.12	0.32	0.2	0.35	N
12	0.99	0	0	0.01	A
13	0.03	0.09	0.29	0.59	K
14	0.08	0.04	0.11	0.77	T
15	0.44	0.09	0.24	0.22	N
16	0.01	0	0	0.99	T
17	0.93	0.02	0.04	0.01	A
18	0.17	0.57	0.18	0.08	N
19	0.08	0.69	0.14	0.09	C
20	0.39	0.24	0.26	0.11	N
21	0.13	0.3	0.31	0.26	N
XX
