DE	Subtype0
1	0	0	1	0	G
2	0.25	0.24	0.4	0.11	N
3	0.15	0.19	0.19	0.46	N
4	0	0.4	0.34	0.26	N
5	0.83	0.02	0.13	0.02	A
6	0.72	0.06	0.11	0.11	A
7	0.81	0.02	0.08	0.08	A
8	0.81	0.01	0.04	0.14	A
9	0.7	0.02	0.03	0.25	A
10	0.5	0.09	0.09	0.32	W
11	0.07	0.21	0.09	0.62	T
12	0.33	0.31	0.36	0.01	N
13	0.46	0.16	0.21	0.17	N
14	0.15	0.4	0.26	0.19	N
15	0	1	0	0	C
XX
DE	Subtype1
1	0	0.09	0.73	0.18	G
2	0.5	0.15	0.15	0.21	N
3	0.12	0.62	0	0.26	C
4	0.91	0	0.09	0	A
5	0.65	0.12	0.21	0.03	A
6	1	0	0	0	A
7	0.62	0.21	0.18	0	A
8	0.56	0.15	0.12	0.18	N
9	0.21	0.06	0.32	0.41	N
10	0	0.06	0	0.94	T
11	0.38	0	0.62	0	G
12	0.91	0	0.09	0	A
13	0.21	0.35	0.21	0.24	N
14	0	0.97	0.03	0	C
15	0.53	0	0.26	0.21	N
XX
DE	Subtype2
1	0.48	0.02	0.31	0.2	N
2	0.16	0.27	0.34	0.24	N
3	0.13	0.24	0	0.63	T
4	0	0.02	0.98	0	G
5	0.37	0.28	0.34	0.02	N
6	0.04	0.35	0.13	0.48	Y
7	0.1	0.04	0.56	0.3	K
8	0.3	0.35	0.21	0.14	N
9	0.48	0.18	0.13	0.21	N
10	0.39	0.13	0.13	0.35	N
11	0.51	0.17	0.03	0.3	W
12	0.42	0.09	0.02	0.48	W
13	0.25	0.17	0.09	0.49	N
14	0.09	0.24	0.04	0.63	T
15	0.27	0.18	0.55	0	R
16	0.37	0.34	0.09	0.21	N
17	0.18	0.23	0.3	0.3	N
18	0	0.95	0	0.04	C
XX
DE	Subtype3
1	0.34	0.11	0.36	0.19	N
2	0.49	0.06	0.21	0.25	N
3	0.15	0.29	0.14	0.42	N
4	0	0.1	0.04	0.86	T
5	0	0	1	0	G
6	0.23	0.18	0.48	0.11	N
7	0.06	0.44	0.03	0.48	Y
8	0.07	0	0.57	0.36	K
9	0.59	0.19	0.11	0.11	N
10	0.57	0.25	0.04	0.14	M
11	0.53	0.1	0.23	0.14	N
12	0.67	0.19	0.14	0	A
13	0.64	0	0.15	0.21	A
14	0.36	0.18	0.12	0.34	N
15	0	0.3	0.07	0.63	T
16	0.12	0.06	0.72	0.1	G
17	0.3	0.23	0.18	0.29	N
18	0.27	0.29	0.18	0.26	N
19	0.03	0.86	0.06	0.06	C
20	0.48	0.11	0.36	0.06	R
21	0.48	0.16	0.18	0.18	N
XX
