DE	Subtype0
1	0.13	0.35	0.26	0.26	N
2	0.13	0.27	0.49	0.11	N
3	0.06	0.22	0.52	0.2	N
4	0	0.04	0.03	0.92	T
5	0.99	0	0	0.01	A
6	0.2	0.17	0.08	0.55	N
7	0.71	0.05	0.06	0.17	A
8	0.73	0.19	0.06	0.03	A
9	0.01	0	0	0.99	T
10	0.19	0.22	0.42	0.17	N
11	0.09	0.62	0.14	0.15	C
12	0.07	0.31	0.53	0.09	S
13	0.04	0.68	0.22	0.06	C
14	0.11	0.52	0.34	0.02	S
15	0.15	0.46	0.31	0.07	N
16	0.09	0.7	0.09	0.13	C
17	0.12	0.47	0.16	0.25	N
18	0.22	0.2	0.11	0.47	N
19	0.13	0.17	0.12	0.59	N
20	0.17	0.22	0.17	0.44	N
XX
