DE	Subtype0
1	0.97	0	0	0.03	A
2	0.65	0.02	0.05	0.28	A
3	0.14	0.41	0.25	0.19	N
4	0.23	0.22	0.12	0.42	N
5	0.08	0.31	0.19	0.41	N
6	0.26	0.24	0.43	0.07	N
7	0.12	0.3	0	0.58	Y
8	0	0	0.01	0.99	T
9	0.04	0.01	0.95	0	G
10	0.82	0.01	0.02	0.15	A
11	0.37	0.02	0.02	0.59	W
12	0.37	0.07	0.07	0.5	W
XX
DE	Subtype1
1	0.24	0.3	0.32	0.14	N
2	0.4	0.17	0.23	0.2	N
3	0.46	0.09	0.22	0.23	N
4	0.5	0.14	0.11	0.25	N
5	0.72	0	0	0.27	A
6	0.52	0.05	0.03	0.4	W
7	0.31	0.28	0.09	0.31	N
8	0.25	0.23	0.21	0.32	N
9	0.06	0.36	0.22	0.35	N
10	0.02	0.52	0.42	0.03	S
11	0.35	0.17	0.01	0.47	W
12	0.18	0.08	0.24	0.5	N
13	0.31	0.22	0.23	0.25	N
14	0.43	0.13	0.15	0.3	N
15	0.42	0.11	0.14	0.33	N
16	0.33	0.08	0.19	0.4	N
17	0.49	0.09	0.06	0.36	W
18	0.24	0.05	0	0.71	T
19	0.02	0.82	0.05	0.11	C
20	0.85	0.13	0.01	0.01	A
21	0.42	0.04	0.28	0.26	N
XX
DE	Subtype2
1	0	0.73	0.02	0.26	C
2	1	0	0	0	A
3	0.5	0	0.31	0.19	R
4	0.02	0.7	0.06	0.23	C
5	0.3	0.03	0.29	0.39	N
6	0.17	0.36	0.39	0.09	N
7	0.2	0.29	0.27	0.24	N
8	0	0.02	0	0.98	T
9	0	0	0	1	T
10	0.44	0.02	0.54	0	R
11	0.24	0.36	0.02	0.39	N
12	0.09	0.11	0.48	0.31	N
13	0.07	0.3	0.63	0	G
14	0.31	0.31	0.26	0.11	N
15	0.17	0.3	0.41	0.11	N
XX
DE	Subtype3
1	0	0.11	0.11	0.78	T
2	0.83	0	0.02	0.15	A
3	0.63	0	0.03	0.34	A
4	0.28	0.29	0.34	0.09	N
5	0.05	0.25	0.15	0.55	N
6	0.16	0.32	0.25	0.28	N
7	0.23	0.34	0.22	0.21	N
8	0.27	0.34	0.05	0.35	N
9	0.02	0.06	0.05	0.87	T
10	0.21	0.09	0.68	0.03	G
11	0.64	0	0.12	0.25	A
12	0.43	0.09	0.07	0.41	W
13	0.29	0.1	0.13	0.48	N
14	0.25	0.14	0.21	0.4	N
15	0.28	0.21	0.22	0.3	N
16	0.35	0.18	0.28	0.19	N
17	0.41	0.28	0.11	0.19	N
18	0.35	0.08	0.14	0.43	N
19	0.09	0.32	0.58	0	S
XX
DE	Subtype4
1	0.09	0.42	0.28	0.21	N
2	0.05	0.42	0.53	0	S
3	0.33	0.12	0	0.56	W
4	0.05	0.05	0.42	0.49	K
5	0.14	0.09	0.3	0.46	N
6	0.16	0	0.12	0.72	T
7	0.21	0.14	0.02	0.63	T
8	0.14	0	0	0.86	T
9	0.05	0.33	0	0.63	T
10	0.21	0.46	0.07	0.26	N
11	0.49	0.02	0.33	0.16	R
12	0.02	0.26	0.33	0.39	N
13	0.02	0.44	0.26	0.28	N
14	0.37	0.05	0.42	0.16	N
15	0.3	0.19	0.19	0.33	N
16	0.3	0	0.23	0.46	N
17	0.44	0.07	0.23	0.26	N
18	0.28	0	0.07	0.65	T
19	0.05	0.05	0.14	0.77	T
20	0.16	0.21	0.05	0.58	N
21	0.42	0.33	0	0.26	N
XX
DE	Subtype5
1	0.2	0.25	0.32	0.23	N
2	0.14	0.27	0.16	0.43	N
3	0.6	0.05	0.05	0.3	W
4	0.36	0.15	0.19	0.3	N
5	0.22	0.3	0.25	0.23	N
6	0.19	0.21	0.24	0.36	N
7	0.22	0.3	0.17	0.3	N
8	0.24	0.19	0.24	0.33	N
9	0.17	0.22	0.01	0.6	Y
10	0	0	0	0.99	T
11	0.08	0.06	0.86	0	G
12	0.52	0.02	0.08	0.38	W
13	0	0	0.02	0.98	T
14	0.08	0.05	0.01	0.86	T
15	0.07	0	0	0.93	T
16	0.15	0.13	0.1	0.62	T
17	0.24	0.21	0.23	0.32	N
18	0.3	0.43	0.05	0.22	N
19	0.32	0.02	0.13	0.54	W
20	0	0.33	0.66	0	G
21	0.36	0.24	0.25	0.15	N
XX
