DE	Subtype0
1	0.95	0	0	0.04	A
2	0.64	0.02	0.06	0.28	A
3	0.13	0.4	0.27	0.21	N
4	0.22	0.22	0.11	0.44	N
5	0.07	0.32	0.17	0.44	N
6	0.26	0.22	0.43	0.09	N
7	0.09	0.31	0	0.6	Y
8	0.01	0	0.01	0.98	T
9	0	0.02	0.98	0	G
10	0.81	0	0.03	0.16	A
11	0.37	0.01	0.02	0.6	T
12	0.37	0.04	0.04	0.55	W
13	0.31	0.07	0.06	0.56	W
14	0.28	0.18	0.11	0.42	N
XX
DE	Subtype1
1	0	0.43	0.16	0.41	Y
2	0.2	0.28	0.41	0.11	N
3	0.18	0.24	0.05	0.52	N
4	0	0.02	0	0.97	T
5	0.02	0.09	0.88	0.02	G
6	0.58	0	0.02	0.4	W
7	0.25	0.02	0	0.72	T
8	0.21	0.14	0.11	0.54	N
9	0.04	0.2	0.13	0.63	T
10	0.19	0.16	0.33	0.31	N
11	0.24	0.36	0.21	0.19	N
12	0.33	0.27	0.13	0.26	N
13	0.26	0.07	0.29	0.38	N
14	0.08	0.38	0.47	0.08	S
15	0.33	0.14	0.41	0.12	N
16	0.2	0.26	0.24	0.3	N
17	0.29	0.11	0.2	0.4	N
18	0.43	0.01	0.01	0.56	W
19	0.34	0.01	0.01	0.65	T
20	0.28	0.13	0.11	0.48	N
21	0.1	0.27	0.11	0.52	N
XX
DE	Subtype2
1	0.24	0.43	0.18	0.15	N
2	0.11	0.41	0.32	0.16	N
3	0.16	0.24	0.48	0.13	N
4	0.02	0.29	0.08	0.6	Y
5	0.86	0	0.01	0.13	A
6	0.69	0.02	0.1	0.18	A
7	0.29	0.32	0.2	0.19	N
8	0.11	0.31	0.16	0.42	N
9	0.26	0.24	0.17	0.33	N
10	0.2	0.26	0.3	0.24	N
11	0.17	0.31	0.03	0.48	N
12	0	0	0.01	0.99	T
13	0.15	0.04	0.81	0	G
14	0.67	0.01	0.08	0.24	A
15	0.36	0.08	0.05	0.5	W
16	0.36	0.07	0.14	0.43	N
17	0.39	0.14	0.1	0.38	N
18	0.42	0.15	0.15	0.29	N
19	0.25	0.21	0.23	0.31	N
20	0.3	0.34	0.1	0.26	N
21	0.34	0.08	0.21	0.36	N
XX
DE	Subtype3
1	0.38	0.06	0.02	0.55	W
2	0.81	0	0.13	0.06	A
3	0.66	0.28	0.02	0.04	A
4	0.49	0.07	0.38	0.06	R
5	0.04	0.25	0	0.7	T
6	0.1	0.42	0.32	0.16	N
7	0.53	0.07	0.32	0.07	R
8	0.27	0.3	0.1	0.34	N
9	0.14	0.11	0.38	0.37	N
10	0.41	0.13	0.44	0.03	R
11	0.66	0	0.09	0.25	A
12	0.53	0.14	0.1	0.23	N
13	0.74	0.04	0	0.21	A
14	0.39	0.13	0.04	0.44	W
15	0.32	0.18	0.2	0.3	N
16	0.28	0.1	0.13	0.49	N
17	0.27	0.27	0.32	0.14	N
18	0.32	0.37	0.14	0.17	N
19	0.13	0.55	0.24	0.09	N
20	0.25	0.13	0.52	0.1	N
21	0.38	0.38	0.13	0.11	N
XX
DE	Subtype4
1	0.47	0.04	0	0.48	W
2	0.36	0.28	0.13	0.23	N
3	0.16	0.27	0.18	0.4	N
4	0.01	0.35	0.19	0.44	N
5	0	0.53	0.46	0.01	S
6	0.47	0.08	0.03	0.42	W
7	0.13	0.05	0.33	0.5	K
8	0.38	0.18	0.21	0.23	N
9	0.41	0.08	0.16	0.36	N
10	0.34	0.09	0.07	0.5	W
11	0.31	0.05	0.09	0.55	W
12	0.54	0.01	0	0.44	W
13	0.05	0.03	0	0.92	T
14	0	0.9	0.01	0.09	C
15	0.95	0.05	0	0	A
XX
DE	Subtype5
1	0.2	0.23	0.05	0.51	N
2	0	0	0.2	0.79	T
3	0.2	0.07	0.72	0	G
4	0.65	0	0.12	0.22	A
5	0.38	0.01	0.07	0.54	W
6	0.41	0.12	0.09	0.38	N
7	0.34	0.09	0.07	0.5	W
8	0.18	0.17	0.14	0.5	N
9	0.31	0.14	0.26	0.3	N
10	0.44	0.28	0.03	0.26	N
11	0.39	0.09	0.14	0.38	N
12	0.02	0.51	0.47	0	S
13	0.42	0.21	0.34	0.03	N
14	0.31	0.17	0.34	0.18	N
15	0.24	0.14	0.26	0.36	N
16	0.32	0	0.07	0.61	T
17	0.05	0	0	0.95	T
18	0.2	0.02	0	0.77	T
19	0.14	0.12	0.04	0.69	T
20	0.13	0.26	0.03	0.58	Y
21	0.12	0.36	0.31	0.21	N
XX
DE	Subtype6
1	0.17	0.28	0.33	0.22	N
2	0.28	0.18	0.26	0.28	N
3	0	0.28	0.1	0.63	T
4	1	0	0	0	A
5	0.71	0	0	0.29	A
6	0.21	0.47	0.25	0.07	N
7	0.07	0.34	0.23	0.36	N
8	0.23	0.36	0.23	0.18	N
9	0.16	0.33	0.3	0.21	N
10	0.21	0.27	0.02	0.49	N
11	0	0	0	0.99	T
12	0.14	0.12	0.74	0	G
13	0.61	0.1	0.03	0.26	A
14	0.21	0.12	0.08	0.59	W
15	0.16	0.22	0.23	0.4	N
XX
DE	Subtype7
1	0	0.25	0.02	0.73	T
2	0.98	0	0	0.02	A
3	0.71	0	0.01	0.28	A
4	0.2	0.36	0.32	0.12	N
5	0.17	0.25	0.22	0.37	N
6	0.17	0.36	0.17	0.29	N
7	0.25	0.28	0.23	0.24	N
8	0.24	0.22	0.09	0.45	N
9	0	0.09	0	0.91	T
10	0.27	0.09	0.57	0.07	R
11	0.42	0.07	0.17	0.34	N
12	0.3	0.22	0.17	0.3	N
13	0.28	0.23	0.15	0.33	N
14	0.28	0.24	0.15	0.33	N
15	0.35	0.1	0.17	0.38	N
16	0.25	0.07	0.3	0.38	N
17	0.49	0.34	0.01	0.16	M
18	0.41	0	0.06	0.54	W
19	0	0.28	0.72	0	G
20	0.17	0.25	0.55	0.02	S
XX
